Board	Channel	A:	n:	chi-square	Voltage
0	0	6.94294e-21	7.01033	0.0648027	1131.55
0	1	5.07871e-21	6.98414	0.00200589	1214.97
0	2	1.55242e-23	7.67512	2.96907	1363.06
0	3	7.18878e-22	7.21182	0.24275	1273.28
0	4	4.1196e-21	7.09193	0.0119211	1123.31
0	5	4.39266e-21	7.05329	0.00734198	1156.81
0	6	7.25386e-19	6.32925	1689.21	1156.84
0	7	2.99028e-20	6.80162	0.736643	1132.75
0	8	2.90995e-23	7.57284	2.93252	1382.99
0	9	1.02699e-21	7.29273	1.0056	1120.04
0	10	7.18254e-21	6.92872	0.00533902	1223.24
0	11	1.61876e-20	6.79877	0.00421561	1243.42
0	12	9.22698e-25	8.26784	1723.79	1143.1
0	13	5.30153e-29	9.58281	888.491	1204.97
1	0	1.16844e-26	8.80009	23.9075	1226.71
1	1	7.64395e-24	7.73447	6.84782	1413.33
1	2	2.6652e-22	7.41571	0.576223	1195.82
1	3	3.52675e-21	7.02627	0.0757878	1226.34
1	4	1.42039e-23	7.68689	2.11531	1363.75
1	5	4.56535e-22	7.34568	0.444031	1189.01
1	6	7.06698e-28	9.20505	9035.78	1216.79
1	7	1.65824e-25	8.45617	17.3041	1197.08
1	8	1.83482e-27	8.91497	0.762235	1377.61
1	9	2.96607e-25	8.38744	16.6618	1183.69
1	10	2.75637e-25	8.25746	3.32358	1334.97
1	11	1.20725e-23	7.67306	0.467419	1411.2
1	12	2.29588e-17	5.93754	20598	1029.59
1	13	7.02296e-22	7.35536	2549.92	1110.98
2	0	2.35301e-21	7.09079	0.0752974	1217
2	1	7.31718e-23	7.44827	1.75858	1379.05
2	2	5.0982e-20	6.49958	2.21023	1446.83
2	3	1.13264e-19	6.49613	2.06744	1284.48
2	4	2.43585e-20	6.72272	0.0567826	1268.32
2	5	6.17208e-21	6.97891	0.00310962	1187.8
2	6	2.60589e-26	8.65126	3670.13	1263.6
2	7	2.43592e-28	9.20114	0.897318	1370.25
2	8	7.33822e-25	8.05078	8.59908	1421.96
2	9	4.13897e-23	7.69025	2.77776	1182.95
2	10	1.26245e-21	7.13279	0.341039	1273.61
2	11	7.04037e-25	8.09397	14.844	1374.94
2	12	1.66131e-28	9.46718	943.44	1164.68
2	13	9.00509e-22	7.31896	24922.7	1111.99
3	0	2.84634e-21	7.11674	0.0586274	1154.59
3	1	2.39244e-20	6.75067	3.03756	1234.63
3	2	1.58458e-21	7.19622	0.0867511	1158.65
3	3	3.79463e-21	7.05188	0.107154	1182.73
3	4	1.77072e-21	7.20057	0.0215212	1136.06
3	5	4.86423e-21	7.00011	0.0280455	1202.83
3	6	6.15037e-24	7.85681	3443.01	1297.8
3	7	3.3967e-22	7.36501	0.822958	1214.92
3	8	4.13088e-21	7.06773	0.0160964	1150.21
3	9	6.10495e-21	6.98869	0.0190979	1177.93
3	10	1.38606e-23	7.68316	2.83048	1372.91
3	11	6.28395e-22	7.31044	0.746908	1177.68
3	12	7.96209e-26	8.56555	913.091	1191.28
3	13	8.04417e-30	9.81794	633.887	1231.97
4	0	4.28199e-27	9.00541	64.9904	1166.08
4	1	7.03175e-25	8.25232	11.2842	1197.1
4	2	4.33455e-23	7.72454	4.24055	1139.55
4	3	5.06676e-22	7.35215	0.0665908	1164.99
4	4	7.47439e-21	6.87944	0.0531179	1279.72
4	5	2.63801e-23	7.59983	3.32804	1365.43
4	6	5.84877e-16	5.28117	1328.02	1320.84
4	7	7.68626e-18	5.9764	3.59477	1181.94
4	8	1.80953e-19	6.53094	2.47741	1150.81
4	9	9.29129e-21	6.92339	0.107367	1185.06
4	10	9.76274e-23	7.44234	2.84346	1334.31
4	11	3.0299e-21	6.983	0.0764542	1309.76
4	12	1.85094e-15	5.35239	17171	967.934
4	13	6.2135e-20	6.75948	3412.16	1062.15
5	0	2.59411e-21	7.1501	0.325795	1131.82
5	1	6.27212e-21	7.06071	0.0588926	1091.77
5	2	2.77975e-21	7.08445	0.0560961	1196.29
5	3	1.5005e-20	6.79105	2.49369	1267.62
5	4	2.13662e-21	7.07121	0.0449078	1258.23
5	5	3.7454e-21	7.00839	0.0130806	1238.13
5	6	1.76103e-14	4.99245	13913.1	1011.91
5	7	1.1448e-16	5.7063	31.6478	1029.13
5	8	1.64001e-18	6.16108	0.709955	1228.52
5	9	7.26871e-20	6.54664	0.930582	1300.68
5	10	1.08659e-20	6.91155	0.0179679	1172.65
5	11	1.82215e-23	7.66471	5.82489	1348.02
5	12	1.75198e-16	5.64528	22517.4	1028.73
5	13	5.45377e-21	7.04584	1384.07	1130.21
6	0	1.21117e-20	6.84386	3.9849	1237.77
6	1	4.03145e-21	7.03516	0.0318771	1192.48
6	2	5.35322e-21	6.99837	0.0490755	1188.57
6	3	4.04624e-21	7.07429	0.0184728	1146.07
6	4	3.53539e-21	7.11071	0.00382359	1126.64
6	5	3.21593e-21	7.09998	0.00850793	1153.96
6	6	8.82312e-20	6.53234	124.76	1282.62
6	7	5.808e-21	7.03814	0.087712	1128.81
6	8	8.07801e-21	6.92408	0.0190129	1208.41
6	9	3.77895e-19	6.50723	4.2389	1054.41
6	10	1.04205e-20	6.91683	0.332752	1173.43
6	11	7.59863e-21	6.89047	0.0184231	1262.13
6	12	6.75586e-25	8.26835	881.491	1186.49
6	13	2.4925e-28	9.42984	1268.71	1147.27
7	0	4.39863e-26	8.64535	24.3252	1195.18
7	1	5.50786e-24	7.86966	4.75704	1300.81
7	2	2.26595e-22	7.46706	1.28444	1163.96
7	3	5.84957e-20	6.46955	2.85442	1465.06
7	4	6.46536e-21	7.01867	0.0279022	1133.58
7	5	2.02924e-20	6.74811	0.00661308	1268.54
7	6	4.69003e-15	5.14923	2402.19	1059.82
7	7	3.622e-17	5.71804	2.33827	1240.77
7	8	6.38835e-19	6.33709	2.68818	1170.01
7	9	1.08494e-20	6.71527	0.383358	1442.04
7	10	6.74931e-21	6.93013	0.00515869	1232.49
7	11	5.78731e-21	7.00638	0.0318506	1165.95
7	12	1.37966e-24	8.25273	1665.38	1102.83
7	13	6.7321e-19	6.42771	18153.5	1050.49
8	0	1.98988e-20	6.83419	0.233427	1162.69
8	1	3.7582e-21	7.11427	0.0259723	1113.08
8	2	2.97692e-22	7.25359	1.47596	1379.83
8	3	1.23499e-23	7.6757	0.205769	1403.53
8	4	2.94103e-22	7.48371	0.527078	1106.59
8	5	4.49163e-22	7.39457	0.167524	1137.12
8	6	4.7402e-27	8.82672	798.119	1329.87
8	7	8.8775e-25	8.19652	8.68852	1221.06
8	8	9.63533e-27	8.70356	2.17431	1357.11
8	9	8.43961e-28	9.01602	1.16445	1384.68
8	10	7.37179e-26	8.48555	2.40647	1285.17
8	11	9.37578e-24	7.92558	10.0674	1156.36
8	12	3.55338e-18	6.20297	17749.5	1033.68
8	13	2.28392e-22	7.52385	1465.07	1102.4
9	0	7.76188e-25	8.09452	1.65888	1357.81
9	1	6.64245e-23	7.58331	2.0172	1228.04
9	2	1.83035e-21	7.11399	0.121802	1231.87
9	3	4.96481e-21	7.11245	0.272787	1072.27
9	4	4.31261e-21	7.09762	0.0319423	1109.82
9	5	2.78643e-20	6.69398	0.00953554	1281.83
9	6	4.51641e-15	5.14841	2104.92	1068.8
9	7	3.54975e-17	5.84453	20.7638	1067.17
9	8	5.67346e-19	6.34804	1.58516	1177.65
9	9	5.7543e-21	6.84566	2.0651	1377.34
9	10	5.80406e-23	7.51816	4.58157	1329.77
9	11	1.85849e-21	7.10209	0.0934046	1243.97
9	12	3.78266e-25	8.41323	1327.31	1125.29
9	13	2.90987e-29	9.70031	1478	1176.28
